jails:
  quejti:
    world: 069e39cd-713a-47ea-a1a0-980f100b210b
    world-name: survival
    x: 388.58020316786076
    y: 84.0
    z: 573.0840621883544
    yaw: 162.40603637695312
    pitch: 33.75229263305664
  kryspin1:
    world: 069e39cd-713a-47ea-a1a0-980f100b210b
    world-name: survival
    x: 388.58020316786076
    y: 84.0
    z: 573.0840621883544
    yaw: 162.40603637695312
    pitch: 33.75229263305664
