spawns:
  default:
    world: 02030997-112c-466c-b42f-db9d2d443237
    world-name: world
    x: 96.45442718759654
    y: 22.0
    z: 139.46849180375258
    yaw: -89.39956665039062
    pitch: -0.9000113606452942
