world: 02030997-112c-466c-b42f-db9d2d443237
world-name: world
x: 96.5
y: -28.0
z: 111.5
yaw: 90.29580688476562
pitch: 1.949982762336731
name: event-krzeselka
lastowner: d5141fca-42ff-3be9-a68a-bf163004f73e
